﻿"Date","Net Liquidity","Current Funds","Withdrawn","Trading Funds","P/L","P/L %","Drawdown %"
"2025-01-02",100756,100756,0,100756,756,0.76,0
"2025-01-03",99346,99346,0,99346,-1410,-1.4,-1.4
"2025-01-06",99187,99187,0,99187,-159,-0.16,-1.56
"2025-01-07",98958,98958,0,98958,-229,-0.23,-1.78
"2025-01-08",98958,98958,0,98958,0,0,-1.78
"2025-01-10",100149,100149,0,100149,1191,1.2,-0.6
"2025-01-13",99354,99354,0,99354,-795,-0.79,-1.39
"2025-01-14",100335,100335,0,100335,981,0.99,-0.42
"2025-01-15",100469,100469,0,100469,134,0.13,-0.28
"2025-01-16",101210,101210,0,101210,741,0.74,0
"2025-01-17",102205,102205,0,102205,995,0.98,0
"2025-01-21",102729,102729,0,102729,524,0.51,0
"2025-01-22",103453,103453,0,103453,724,0.7,0
"2025-01-23",102763,102763,0,102763,-690,-0.67,-0.67
"2025-01-24",102959,102959,0,102959,196,0.19,-0.48
"2025-01-27",102989,102989,0,102989,30,0.03,-0.45
"2025-01-28",102918,102918,0,102918,-71,-0.07,-0.52
"2025-01-29",100658,100658,0,100658,-2260,-2.2,-2.7
"2025-01-30",100958,100958,0,100958,300,0.3,-2.41
"2025-01-31",100794,100794,0,100794,-164,-0.16,-2.57
"2025-02-03",100710,100710,0,100710,-84,-0.08,-2.65
"2025-02-04",99630,99630,0,99630,-1080,-1.07,-3.7
"2025-02-05",99630,99630,0,99630,0,0,-3.7
"2025-02-06",100221,100221,0,100221,591,0.59,-3.12
"2025-02-07",96422,96422,0,96422,-3799,-3.79,-6.8
"2025-02-10",97630,97630,0,97630,1208,1.25,-5.63
"2025-02-11",98718,98718,0,98718,1088,1.11,-4.58
"2025-02-12",99462,99462,0,99462,744,0.75,-3.86
"2025-02-13",99192,99192,0,99192,-270,-0.27,-4.12
"2025-02-14",100137,100137,0,100137,945,0.95,-3.21
"2025-02-18",100523,100523,0,100523,386,0.39,-2.83
"2025-02-19",101207,101207,0,101207,684,0.68,-2.17
"2025-02-20",101693,101693,0,101693,486,0.48,-1.7
"2025-02-21",102419,102419,0,102419,726,0.71,-1
"2025-02-24",103295,103295,0,103295,876,0.86,-0.15
"2025-02-25",104276,104276,0,104276,981,0.95,0
"2025-02-26",104276,104276,0,104276,0,0,0
"2025-02-27",105227,105227,0,105227,951,0.91,0
"2025-02-28",104222,104222,0,104222,-1005,-0.96,-0.96
"2025-03-03",105308,105308,0,105308,1086,1.04,0
"2025-03-04",105743,105743,0,105743,435,0.41,0
"2025-03-05",105743,105743,0,105743,0,0,0
"2025-03-06",105689,105689,0,105689,-54,-0.05,-0.05
"2025-03-07",107330,107330,0,107330,1641,1.55,0
"2025-03-10",109076,109076,0,109076,1746,1.63,0
"2025-03-11",110957,110957,0,110957,1881,1.72,0
"2025-03-12",110957,110957,0,110957,0,0,0
"2025-03-13",112433,112433,0,112433,1476,1.33,0
"2025-03-14",111398,111398,0,111398,-1035,-0.92,-0.92
"2025-03-17",112484,112484,0,112484,1086,0.97,0
"2025-03-18",113750,113750,0,113750,1266,1.13,0
"2025-03-19",116831,116831,0,116831,3081,2.71,0
"2025-03-20",116777,116777,0,116777,-54,-0.05,-0.05
"2025-03-21",120359,120359,0,120359,3582,3.07,0
"2025-03-24",122486,122486,0,122486,2127,1.77,0
"2025-03-25",123983,123983,0,123983,1497,1.22,0
"2025-03-26",120428,120428,0,120428,-3555,-2.87,-2.87
"2025-03-27",119909,119909,0,119909,-519,-0.43,-3.29
"2025-03-28",120935,120935,0,120935,1026,0.86,-2.46
"2025-03-31",118610,118610,0,118610,-2325,-1.92,-4.33
"2025-04-01",118676,118676,0,118676,66,0.06,-4.28
"2025-04-02",117566,117566,0,117566,-1110,-0.94,-5.18
"2025-04-03",119387,119387,0,119387,1821,1.55,-3.71
"2025-04-04",121763,121763,0,121763,2376,1.99,-1.79
"2025-04-07",113738,113738,0,113738,-8025,-6.59,-8.26
"2025-04-08",115544,115544,0,115544,1806,1.59,-6.81
"2025-04-09",115544,115544,0,115544,0,0,-6.81
"2025-04-10",118190,118190,0,118190,2646,2.29,-4.67
"2025-04-11",118961,118961,0,118961,771,0.65,-4.05
"2025-04-14",121193,121193,0,121193,2232,1.88,-2.25
"2025-04-15",117614,117614,0,117614,-3579,-2.95,-5.14
"2025-04-16",114734,114734,0,114734,-2880,-2.45,-7.46
"2025-04-17",112784,112784,0,112784,-1950,-1.7,-9.03
"2025-04-21",114200,114200,0,114200,1416,1.26,-7.89
"2025-04-22",110546,110546,0,110546,-3654,-3.2,-10.84
"2025-04-23",111167,111167,0,111167,621,0.56,-10.34
"2025-04-24",110477,110477,0,110477,-690,-0.62,-10.89
"2025-04-25",110384,110384,0,110384,-93,-0.08,-10.97
"2025-04-28",111191,111191,0,111191,807,0.73,-10.32
"2025-04-29",112337,112337,0,112337,1146,1.03,-9.39
"2025-04-30",115328,115328,0,115328,2991,2.66,-6.98
"2025-05-01",116234,116234,0,116234,906,0.79,-6.25
"2025-05-02",118361,118361,0,118361,2127,1.83,-4.53
"2025-05-05",120362,120362,0,120362,2001,1.69,-2.92
"2025-05-06",120413,120413,0,120413,51,0.04,-2.88
"2025-05-07",114443,114443,0,114443,-5970,-4.96,-7.69
"2025-05-08",114614,114614,0,114614,171,0.15,-7.56
"2025-05-09",117296,117296,0,117296,2682,2.34,-5.39
"2025-05-12",115712,115712,0,115712,-1584,-1.35,-6.67
"2025-05-13",116738,116738,0,116738,1026,0.89,-5.84
"2025-05-14",118364,118364,0,118364,1626,1.39,-4.53
"2025-05-15",117239,117239,0,117239,-1125,-0.95,-5.44
"2025-05-16",116105,116105,0,116105,-1134,-0.97,-6.35
"2025-05-19",116801,116801,0,116801,696,0.6,-5.79
"2025-05-20",117137,117137,0,117137,336,0.29,-5.52
"2025-05-21",114227,114227,0,114227,-2910,-2.48,-7.87
"2025-05-22",114098,114098,0,114098,-129,-0.11,-7.97
"2025-05-23",113588,113588,0,113588,-510,-0.45,-8.38
"2025-05-27",114875,114875,0,114875,1287,1.13,-7.35
"2025-05-28",114740,114740,0,114740,-135,-0.12,-7.46
"2025-05-29",115646,115646,0,115646,906,0.79,-6.72
"2025-05-30",115307,115307,0,115307,-339,-0.29,-7
"2025-06-02",117008,117008,0,117008,1701,1.48,-5.63
"2025-06-03",117944,117944,0,117944,936,0.8,-4.87
"2025-06-04",119435,119435,0,119435,1491,1.26,-3.67
"2025-06-05",119045,119045,0,119045,-390,-0.33,-3.98
"2025-06-06",118487,118487,0,118487,-558,-0.47,-4.43
"2025-06-09",118913,118913,0,118913,426,0.36,-4.09
"2025-06-10",118109,118109,0,118109,-804,-0.68,-4.74
"2025-06-11",115709,115709,0,115709,-2400,-2.03,-6.67
"2025-06-12",115805,115805,0,115805,96,0.08,-6.6
"2025-06-13",115511,115511,0,115511,-294,-0.25,-6.83
"2025-06-16",115457,115457,0,115457,-54,-0.05,-6.88
"2025-06-17",113738,113738,0,113738,-1719,-1.49,-8.26
"2025-06-18",112748,112748,0,112748,-990,-0.87,-9.06
"2025-06-20",113474,113474,0,113474,726,0.64,-8.48
"2025-06-23",113705,113705,0,113705,231,0.2,-8.29
"2025-06-24",114716,114716,0,114716,1011,0.89,-7.47
"2025-06-25",113552,113552,0,113552,-1164,-1.01,-8.41
"2025-06-26",113312,113312,0,113312,-240,-0.21,-8.61
"2025-06-27",113219,113219,0,113219,-93,-0.08,-8.68
"2025-06-30",114365,114365,0,114365,1146,1.01,-7.76
"2025-07-01",113627,113627,0,113627,-738,-0.65,-8.35
"2025-07-02",114563,114563,0,114563,936,0.82,-7.6
"2025-07-03",114809,114809,0,114809,246,0.21,-7.4
"2025-07-07",112130,112130,0,112130,-2679,-2.33,-9.56
"2025-07-08",113792,113792,0,113792,1662,1.48,-8.22
"2025-07-09",113153,113153,0,113153,-639,-0.56,-8.74
"2025-07-10",112508,112508,0,112508,-645,-0.57,-9.26
"2025-07-11",112964,112964,0,112964,456,0.41,-8.89
"2025-07-14",113105,113105,0,113105,141,0.12,-8.77
"2025-07-15",112370,112370,0,112370,-735,-0.65,-9.37
"2025-07-16",108434,108434,0,108434,-3936,-3.5,-12.54
"2025-07-17",107999,107999,0,107999,-435,-0.4,-12.89
"2025-07-18",109104,109104,0,109104,1105,1.02,-12
"2025-07-21",108449,108449,0,108449,-655,-0.6,-12.53
"2025-07-22",109619,109619,0,109619,1170,1.08,-11.59
"2025-07-23",110363,110363,0,110363,744,0.68,-10.99
"2025-07-24",110339,110339,0,110339,-24,-0.02,-11
"2025-07-25",110585,110585,0,110585,246,0.22,-10.81
"2025-07-28",109955,109955,0,109955,-630,-0.57,-11.31
"2025-07-29",109116,109116,0,109116,-839,-0.76,-11.99
"2025-07-30",108231,108231,0,108231,-885,-0.81,-12.7
"2025-07-31",108837,108837,0,108837,606,0.56,-12.22
"2025-08-01",110193,110193,0,110193,1356,1.25,-11.12
"2025-08-04",109323,109323,0,109323,-870,-0.79,-11.82
"2025-08-05",109959,109959,0,109959,636,0.58,-11.31
"2025-08-06",110985,110985,0,110985,1026,0.93,-10.48
"2025-08-07",111576,111576,0,111576,591,0.53,-10.01
"2025-08-08",112227,112227,0,112227,651,0.58,-9.48
"2025-08-11",110982,110982,0,110982,-1245,-1.11,-10.49
"2025-08-12",111873,111873,0,111873,891,0.8,-9.77
"2025-08-13",110962,110962,0,110962,-911,-0.81,-10.5
"2025-08-14",110923,110923,0,110923,-39,-0.04,-10.53
"2025-08-15",111685,111685,0,111685,762,0.69,-9.92
"2025-08-18",112267,112267,0,112267,582,0.52,-9.45
"2025-08-19",109793,109793,0,109793,-2474,-2.2,-11.45
"2025-08-20",109793,109793,0,109793,0,0,-11.45
"2025-08-21",109604,109604,0,109604,-189,-0.17,-11.6
"2025-08-22",111971,111971,0,111971,2367,2.16,-9.69
"2025-08-25",112472,112472,0,112472,501,0.45,-9.28
"2025-08-26",113198,113198,0,113198,726,0.65,-8.7
"2025-08-27",114104,114104,0,114104,906,0.8,-7.97
"2025-08-28",114209,114209,0,114209,105,0.09,-7.88
"2025-08-29",114371,114371,0,114371,162,0.14,-7.75
"2025-09-02",114212,114212,0,114212,-159,-0.14,-7.88
"2025-09-03",113567,113567,0,113567,-645,-0.56,-8.4
"2025-09-04",112787,112787,0,112787,-780,-0.69,-9.03
"2025-09-05",114989,114989,0,114989,2202,1.95,-7.25
"2025-09-08",116006,116006,0,116006,1017,0.88,-6.43
"2025-09-09",116657,116657,0,116657,651,0.56,-5.91
"2025-09-10",115517,115517,0,115517,-1140,-0.98,-6.83
"2025-09-11",115778,115778,0,115778,261,0.23,-6.62
"2025-09-12",116609,116609,0,116609,831,0.72,-5.95
"2025-09-15",117701,117701,0,117701,1092,0.94,-5.07
"2025-09-16",118268,118268,0,118268,567,0.48,-4.61
"2025-09-17",116138,116138,0,116138,-2130,-1.8,-6.33
"2025-09-18",116534,116534,0,116534,396,0.34,-6.01
"2025-09-19",116615,116615,0,116615,81,0.07,-5.94
"2025-09-22",116906,116906,0,116906,291,0.25,-5.71
"2025-09-23",114962,114962,0,114962,-1944,-1.66,-7.28
"2025-09-24",114878,114878,0,114878,-84,-0.07,-7.34
"2025-09-25",114764,114764,0,114764,-114,-0.1,-7.44
"2025-09-26",116366,116366,0,116366,1602,1.4,-6.14
"2025-09-29",114542,114542,0,114542,-1824,-1.57,-7.61
"2025-09-30",115658,115658,0,115658,1116,0.97,-6.71
"2025-10-01",116819,116819,0,116819,1161,1,-5.78
"2025-10-02",117440,117440,0,117440,621,0.53,-5.28
"2025-10-03",116456,116456,0,116456,-984,-0.84,-6.07
"2025-10-06",116957,116957,0,116957,501,0.43,-5.67
"2025-10-07",118484,118484,0,118484,1527,1.31,-4.44
"2025-10-08",119735,119735,0,119735,1251,1.06,-3.43
